00 00 e8 15 bb 75 00 20 18 66 c6 02 00 2f f0 f0 
03 2c 00 ff ef 0e 17 85 00 4f 00 85 00 4d 34 20 
20 20 20 20 20 20 20 20 20 20 20 20 00 4d 38 20 
20 20 20 20 20 20 20 20 20 20 20 20 20 

00 20 18 66 c6 02 00 00 e8 15 bb 75 00 03 f0 f0 
7f 20 20 20 20 20 20 20 20 20 20 20 20 20 20 20 
20 20 20 20 20 20 20 20 20 20 20 20 20 20 20 20 
20 20 20 20 20 20 20 20 20 20 20 20 

00 00 e8 15 bb 75 00 20 18 66 c6 02 00 03 f0 f1 
73 20 20 20 20 20 20 20 20 20 20 20 20 20 20 20 
20 20 20 20 20 20 20 20 20 20 20 20 20 20 20 20 
20 20 20 20 20 20 20 20 20 20 20 20 

00 20 18 66 c6 02 00 00 e8 15 bb 75 00 04 f0 f0 
01 01 20 20 20 20 20 20 20 20 20 20 20 20 20 20 
20 20 20 20 20 20 20 20 20 20 20 20 20 20 20 20 
20 20 20 20 20 20 20 20 20 20 20 20 

00 00 e8 15 bb 75 00 20 18 66 c6 02 00 04 f0 f1 
01 01 20 20 20 20 20 20 20 20 20 20 20 20 20 20 
20 20 20 20 20 20 20 20 20 20 20 20 20 20 20 20 
20 20 20 20 20 20 20 20 20 20 20 20 

00 20 18 66 c6 02 00 00 e8 15 bb 75 00 12 f0 f0 
00 01 0e 00 ff ef 19 8f bc 05 85 00 4f 00 85 4f 
20 20 20 20 20 20 20 20 20 20 20 20 20 20 20 20 
20 20 20 20 20 20 20 20 20 20 20 20 

00 00 e8 15 bb 75 00 20 18 66 c6 02 00 12 f0 f0 
00 03 0e 00 ff ef 17 81 bc 05 4f 00 85 00 4f 85 
20 20 20 20 20 20 20 20 20 20 20 20 20 20 20 20 
20 20 20 20 20 20 20 20 20 20 20 20 

00 00 e8 15 bb 75 00 20 18 66 c6 02 00 04 f0 f1 
01 03 20 20 20 20 20 20 20 20 20 20 20 20 20 20 
20 20 20 20 20 20 20 20 20 20 20 20 20 20 20 20 
20 20 20 20 20 20 20 20 20 20 20 20 

00 00 e8 15 bb 75 00 20 18 66 c6 02 00 04 f0 f0 
01 05 20 20 20 20 20 20 20 20 20 20 20 20 20 20 
20 20 20 20 20 20 20 20 20 20 20 20 20 20 20 20 
20 20 20 20 20 20 20 20 20 20 20 20 

00 20 18 66 c6 02 00 00 e8 15 bb 75 00 04 f0 f1 
01 03 20 20 20 20 20 20 20 20 20 20 20 20 20 20 
20 20 20 20 20 20 20 20 20 20 20 20 20 20 20 20 
20 20 20 20 20 20 20 20 20 20 20 20 

00 00 e8 15 bb 75 00 20 18 66 c6 02 00 5f f0 f0 
02 04 0e 00 ff ef 16 0c 00 00 28 00 28 00 4f 85 
ff 53 4d 42 72 00 00 00 00 80 00 00 00 00 00 00 
00 00 00 00 00 00 00 00 00 00 c1 1d 00 00 04 2d 
11 05 00 02 02 00 01 00 68 0b 00 00 00 00 01 00 
85 00 01 80 03 02 00 00 00 63 be 4f 3d 66 c1 01 
68 01 08 08 00 85 00 01 80 9f fe e6 3b 

00 20 18 66 c6 02 00 00 e8 15 bb 75 00 04 f0 f1 
01 04 20 20 20 20 20 20 20 20 20 20 20 20 20 20 
20 20 20 20 20 20 20 20 20 20 20 20 20 20 20 20 
20 20 20 20 20 20 20 20 20 20 20 20 

00 20 18 66 c6 02 00 00 e8 15 bb 75 00 04 f0 f0 
01 05 20 20 20 20 20 20 20 20 20 20 20 20 20 20 
20 20 20 20 20 20 20 20 20 20 20 20 20 20 20 20 
20 20 20 20 20 20 20 20 20 20 20 20 

00 00 e8 15 bb 75 00 20 18 66 c6 02 00 04 f0 f1 
01 05 20 20 20 20 20 20 20 20 20 20 20 20 20 20 
20 20 20 20 20 20 20 20 20 20 20 20 20 20 20 20 
20 20 20 20 20 20 20 20 20 20 20 20 

00 20 18 66 c6 02 00 00 e8 15 bb 75 00 86 f0 f0 
04 04 0e 00 ff ef 16 0c 00 00 28 00 28 00 85 4f 
ff 53 4d 42 73 00 00 00 00 10 00 00 00 00 00 00 
00 00 00 00 00 00 00 00 00 00 c1 1d 00 00 04 2d 
0d 75 00 59 00 68 0b 02 00 00 00 85 00 01 80 00 
00 00 00 00 00 00 00 01 00 00 00 1c 00 00 00 58 
00 57 69 6e 64 6f 77 73 20 34 2e 30 00 57 69 6e 
64 6f 77 73 20 34 2e 30 00 04 ff 00 00 00 00 00 
02 00 10 00 20 00 5c 5c 4d 38 5c 49 50 43 24 00 
49 50 43 00 

00 00 e8 15 bb 75 00 20 18 66 c6 02 00 46 f0 f0 
04 06 0e 00 ff ef 16 0c 00 00 28 00 28 00 4f 85 
ff 53 4d 42 73 00 00 00 00 90 00 00 00 00 00 00 
00 00 00 00 00 00 00 00 06 e0 c1 1d 00 00 04 2d 
03 75 00 29 00 00 00 00 00 02 ff 00 00 00 04 00 
49 50 43 00 

00 20 18 66 c6 02 00 00 e8 15 bb 75 00 04 f0 f0 
01 07 20 20 20 20 20 20 20 20 20 20 20 20 20 20 
20 20 20 20 20 20 20 20 20 20 20 20 20 20 20 20 
20 20 20 20 20 20 20 20 20 20 20 20 

00 00 e8 15 bb 75 00 20 18 66 c6 02 00 04 f0 f1 
01 07 20 20 20 20 20 20 20 20 20 20 20 20 20 20 
20 20 20 20 20 20 20 20 20 20 20 20 20 20 20 20 
20 20 20 20 20 20 20 20 20 20 20 20 

00 20 18 66 c6 02 00 00 e8 15 bb 75 00 78 f0 f0 
06 06 0e 00 ff ef 16 0c 00 00 28 00 28 00 85 4f 
ff 53 4d 42 25 00 00 00 00 00 00 00 00 00 00 00 
00 00 00 00 00 00 00 00 06 e0 c1 1d 00 00 04 2e 
0e 1a 00 00 00 08 00 00 10 00 00 00 00 88 13 00 
00 00 00 1a 00 4c 00 00 00 00 00 00 00 27 00 5c 
50 49 50 45 5c 4c 41 4e 4d 41 4e 00 68 00 57 72 
4c 65 68 44 4f 00 42 31 36 42 42 44 7a 00 01 00 
00 10 02 22 00 00 

00 00 e8 15 bb 75 00 20 18 66 c6 02 00 04 f0 f1 
01 08 20 20 20 20 20 20 20 20 20 20 20 20 20 20 
20 20 20 20 20 20 20 20 20 20 20 20 20 20 20 20 
20 20 20 20 20 20 20 20 20 20 20 20 

00 00 e8 15 bb 75 00 20 18 66 c6 02 00 04 f0 f0 
01 09 20 20 20 20 20 20 20 20 20 20 20 20 20 20 
20 20 20 20 20 20 20 20 20 20 20 20 20 20 20 20 
20 20 20 20 20 20 20 20 20 20 20 20 

00 20 18 66 c6 02 00 00 e8 15 bb 75 00 04 f0 f1 
01 07 20 20 20 20 20 20 20 20 20 20 20 20 20 20 
20 20 20 20 20 20 20 20 20 20 20 20 20 20 20 20 
20 20 20 20 20 20 20 20 20 20 20 20 

00 00 e8 15 bb 75 00 20 18 66 c6 02 00 be f0 f0 
06 08 0e 00 ff ef 16 0c 00 00 28 00 28 00 4f 85 
ff 53 4d 42 25 00 00 00 00 80 00 00 00 00 00 00 
00 00 00 00 00 00 00 00 06 e0 c1 1d 00 00 04 2e 
0a 08 00 6c 00 00 00 08 00 37 00 00 00 6c 00 40 
00 00 00 00 00 75 00 00 00 94 1f 04 00 04 00 5c 
4d 33 00 00 00 00 00 00 00 00 00 00 00 00 00 00 
04 00 03 20 40 40 ff 1f f9 c0 4d 34 00 00 00 00 
00 00 00 00 00 00 00 00 00 00 04 00 03 20 40 40 
fe 1f f9 c0 4d 36 00 00 00 00 00 00 00 00 00 00 
00 00 00 00 04 00 03 20 40 40 fd 1f f9 c0 4d 38 
00 00 00 00 00 00 00 00 00 00 00 00 00 00 04 00 
03 20 45 40 fc 1f f9 c0 00 00 00 00 

00 20 18 66 c6 02 00 00 e8 15 bb 75 00 78 f0 f0 
08 08 0e 00 ff ef 16 0c 00 00 28 00 28 00 85 4f 
ff 53 4d 42 25 00 00 00 00 00 00 00 00 00 00 00 
00 00 00 00 00 00 00 00 06 e0 c1 1d 00 00 01 2a 
0e 1a 00 00 00 08 00 00 10 00 00 00 00 88 13 00 
00 00 00 1a 00 4c 00 00 00 00 00 00 00 27 00 5c 
50 49 50 45 5c 4c 41 4e 4d 41 4e 00 68 00 57 72 
4c 65 68 44 4f 00 42 31 36 42 42 44 7a 00 01 00 
00 10 02 22 00 00 

00 00 e8 15 bb 75 00 20 18 66 c6 02 00 04 f0 f1 
01 0a 20 20 20 20 20 20 20 20 20 20 20 20 20 20 
20 20 20 20 20 20 20 20 20 20 20 20 20 20 20 20 
20 20 20 20 20 20 20 20 20 20 20 20 

00 00 e8 15 bb 75 00 20 18 66 c6 02 00 be f0 f0 
08 0a 0e 00 ff ef 16 0c 00 00 28 00 28 00 4f 85 
ff 53 4d 42 25 00 00 00 00 80 00 00 00 00 00 00 
00 00 00 00 00 00 00 00 06 e0 c1 1d 00 00 01 2a 
0a 08 00 6c 00 00 00 08 00 37 00 00 00 6c 00 40 
00 00 00 00 00 75 00 00 00 94 bf 04 00 04 00 5c 
4d 33 00 00 00 00 00 00 00 00 00 00 00 00 00 00 
04 00 03 20 40 40 ff bf 29 c8 4d 34 00 00 00 00 
00 00 00 00 00 00 00 00 00 00 04 00 03 20 40 40 
fe bf 29 c8 4d 36 00 00 00 00 00 00 00 00 00 00 
00 00 00 00 04 00 03 20 40 40 fd bf 29 c8 4d 38 
00 00 00 00 00 00 00 00 00 00 00 00 00 00 04 00 
03 20 45 40 fc bf 29 c8 00 00 00 00 

00 20 18 66 c6 02 00 00 e8 15 bb 75 00 12 f0 f0 
0a 0b 0e 00 ff ef 14 00 00 00 28 00 00 00 85 4f 
20 20 20 20 20 20 20 20 20 20 20 20 20 20 20 20 
20 20 20 20 20 20 20 20 20 20 20 20 

00 00 e8 15 bb 75 00 20 18 66 c6 02 00 04 f0 f1 
01 0d 20 20 20 20 20 20 20 20 20 20 20 20 20 20 
20 20 20 20 20 20 20 20 20 20 20 20 20 20 20 20 
20 20 20 20 20 20 20 20 20 20 20 20 

00 20 18 66 c6 02 00 00 e8 15 bb 75 00 04 f0 f0 
01 0b 20 20 20 20 20 20 20 20 20 20 20 20 20 20 
20 20 20 20 20 20 20 20 20 20 20 20 20 20 20 20 
20 20 20 20 20 20 20 20 20 20 20 20 

00 00 e8 15 bb 75 00 20 18 66 c6 02 00 04 f0 f1 
01 0d 20 20 20 20 20 20 20 20 20 20 20 20 20 20 
20 20 20 20 20 20 20 20 20 20 20 20 20 20 20 20 
20 20 20 20 20 20 20 20 20 20 20 20 

00 20 18 66 c6 02 00 00 e8 15 bb 75 00 04 f0 f0 
01 0b 20 20 20 20 20 20 20 20 20 20 20 20 20 20 
20 20 20 20 20 20 20 20 20 20 20 20 20 20 20 20 
20 20 20 20 20 20 20 20 20 20 20 20 

00 00 e8 15 bb 75 00 20 18 66 c6 02 00 04 f0 f1 
01 0d 20 20 20 20 20 20 20 20 20 20 20 20 20 20 
20 20 20 20 20 20 20 20 20 20 20 20 20 20 20 20 
20 20 20 20 20 20 20 20 20 20 20 20 

00 20 18 66 c6 02 00 00 e8 15 bb 75 00 35 f0 f0 
0c 0a 0e 00 ff ef 16 04 00 00 00 00 28 00 85 4f 
ff 53 4d 42 71 00 00 00 00 00 01 00 00 00 00 00 
00 00 00 00 00 00 00 00 06 e0 00 00 00 00 82 07 
00 00 00 

00 00 e8 15 bb 75 00 20 18 66 c6 02 00 35 f0 f0 
0a 0e 0e 00 ff ef 16 0c 00 00 28 00 28 00 4f 85 
ff 53 4d 42 71 00 00 00 00 80 01 00 00 00 00 00 
00 00 00 00 00 00 00 00 06 e0 00 00 00 00 82 07 
00 00 00 

00 20 18 66 c6 02 00 00 e8 15 bb 75 00 04 f0 f0 
01 0d 20 20 20 20 20 20 20 20 20 20 20 20 20 20 
20 20 20 20 20 20 20 20 20 20 20 20 20 20 20 20 
20 20 20 20 20 20 20 20 20 20 20 20 

00 00 e8 15 bb 75 00 20 18 66 c6 02 00 04 f0 f0 
01 0f 20 20 20 20 20 20 20 20 20 20 20 20 20 20 
20 20 20 20 20 20 20 20 20 20 20 20 20 20 20 20 
20 20 20 20 20 20 20 20 20 20 20 20 

00 00 e8 15 bb 75 00 20 18 66 c6 02 00 04 f0 f1 
01 0f 20 20 20 20 20 20 20 20 20 20 20 20 20 20 
20 20 20 20 20 20 20 20 20 20 20 20 20 20 20 20 
20 20 20 20 20 20 20 20 20 20 20 20 

00 20 18 66 c6 02 00 00 e8 15 bb 75 00 04 f0 f1 
01 0d 20 20 20 20 20 20 20 20 20 20 20 20 20 20 
20 20 20 20 20 20 20 20 20 20 20 20 20 20 20 20 
20 20 20 20 20 20 20 20 20 20 20 20 

00 20 18 66 c6 02 00 00 e8 15 bb 75 00 12 f0 f0 
0e 0d 0e 00 ff ef 14 00 00 00 28 00 00 00 85 4f 
20 20 20 20 20 20 20 20 20 20 20 20 20 20 20 20 
20 20 20 20 20 20 20 20 20 20 20 20 

00 20 18 66 c6 02 00 00 e8 15 bb 75 00 04 f0 f0 
01 0d 20 20 20 20 20 20 20 20 20 20 20 20 20 20 
20 20 20 20 20 20 20 20 20 20 20 20 20 20 20 20 
20 20 20 20 20 20 20 20 20 20 20 20 

00 00 e8 15 bb 75 00 20 18 66 c6 02 00 04 f0 f1 
01 11 20 20 20 20 20 20 20 20 20 20 20 20 20 20 
20 20 20 20 20 20 20 20 20 20 20 20 20 20 20 20 
20 20 20 20 20 20 20 20 20 20 20 20 

00 20 18 66 c6 02 00 00 e8 15 bb 75 00 12 f0 f0 
10 0d 0e 00 ff ef 18 00 00 00 00 00 00 00 85 4f 
20 20 20 20 20 20 20 20 20 20 20 20 20 20 20 20 
20 20 20 20 20 20 20 20 20 20 20 20 

00 00 e8 15 bb 75 00 20 18 66 c6 02 00 04 f0 f1 
01 13 20 20 20 20 20 20 20 20 20 20 20 20 20 20 
20 20 20 20 20 20 20 20 20 20 20 20 20 20 20 20 
20 20 20 20 20 20 20 20 20 20 20 20 

00 20 18 66 c6 02 00 00 e8 15 bb 75 00 03 f0 f0 
53 20 20 20 20 20 20 20 20 20 20 20 20 20 20 20 
20 20 20 20 20 20 20 20 20 20 20 20 20 20 20 20 
20 20 20 20 20 20 20 20 20 20 20 20 

00 00 e8 15 bb 75 00 20 18 66 c6 02 00 03 f0 f1 
73 20 20 20 20 20 20 20 20 20 20 20 20 20 20 20 
20 20 20 20 20 20 20 20 20 20 20 20 20 20 20 20 
20 20 20 20 20 20 20 20 20 20 20 20 
